4 936 288 13
4 720 396 13
2 864 396
4 900 396 17
2 936 396
4 972 396 13
2 1008 396
5 1728 396
5 1728 396
5 1512 432
5 1512 432
5 1728 396
5 1152 468
5 1152 468
5 1512 432
5 1512 432
3 1728 468
3 1764 468
3 0 504
3 36 504
3 72 504
3 108 504
3 144 504
3 180 504
3 216 504
3 252 504
3 288 504
3 324 504
3 360 504
3 396 504
3 432 504
3 468 504
3 504 504
3 540 504
3 576 504
3 612 504
3 648 504
3 684 504
3 720 504
3 756 504
3 792 504
3 828 504
3 864 504
3 900 504
3 936 504
3 972 504
7 936 468
3 1008 504
3 1044 504
3 1080 504
3 1116 504
3 1152 504
3 1188 504
3 1224 504
3 1260 504
3 1296 504
3 1332 504
3 1368 504
3 1404 504
3 1440 504
3 1476 504
3 1512 504
3 1548 504
3 1584 504
3 1620 504
3 1656 504
7 1656 468
3 1692 504
3 1728 504
3 1764 504
3 1800 504
3 1836 504
3 1872 504
3 1908 504
3 1944 504
7 1944 468
3 1980 504
3 2016 504
3 2052 504
3 2088 504
7 2088 468
3 2196 504
3 2232 504
3 2268 504
3 2304 504
3 2340 504
3 2376 504
3 2412 504
3 2448 504
3 2484 504
3 2520 504
7 2520 468
3 2556 504
3 2592 504
7 2592 468
3 2628 504
3 2664 504
3 2700 504
3 2736 504
3 2880 504
3 2916 504
3 2952 504
3 2988 504
3 3024 504
3 3060 504
3 3096 504
3 3132 504
3 3168 504
3 3204 504
7 3204 468
3 3240 504
3 3276 504
7 3276 468
3 3312 504
3 3348 504
7 3342 468
3 3384 504
3 3420 504
7 3420 468
3 3456 504
3 3492 504
3 3528 504
3 3564 504
3 3600 504
3 3636 504
3 3672 504
3 3708 504
9 3708 468
3 3744 504
3 3780 504
3 3816 504
3 3852 504
3 3888 504
3 3924 504
3 3960 504
3 3996 504
3 4032 504
3 4068 504
7 4068 468
3 4104 504
7 4107 468
3 4140 504
3 4176 504
3 4212 504
3 4248 504
3 4284 504
3 4320 504
3 4356 504
3 4392 504
3 4428 504
7 4428 468
3 4464 504
7 4464 468
3 4500 504
3 4536 504
3 4572 504
3 4608 504
3 4644 504
3 4680 504
3 4716 504
3 4752 504
3 4788 504
3 4824 504
3 4860 504
3 4896 504
3 4932 504
3 4968 504
3 5004 504
3 5040 504
3 5076 504
3 5184 504
3 5220 504
3 5256 504
3 5292 504
3 5328 504
3 5364 504
3 5400 504
3 5436 504
3 5472 504
3 5508 504
3 5544 504
3 5580 504
3 5616 504
3 5652 504
3 5688 504
3 5724 504
3 5760 504
3 5796 504
3 5832 504
3 5868 504
3 5904 504
3 5940 504
3 5976 504
3 6012 504
3 6048 504
3 6084 504
3 6120 504
3 6156 504
3 6192 504
3 6228 504
3 6264 504
3 6300 504
3 6336 504
3 6372 504
3 6408 504
3 6444 504
3 6480 504
3 6516 504
3 6552 504
3 6588 504
3 6624 504
3 6660 504
3 6696 504
3 6732 504
3 6768 504
3 6804 504
3 6840 504
3 6876 504
3 6912 504
3 6948 504
3 6984 504
3 7020 504
3 7056 504
3 7092 504
3 7128 504
3 7164 504
3 7200 504
3 7236 504
3 7272 504
3 7308 504
3 7344 504
3 7380 504
3 7416 504
3 7452 504
3 7488 504
3 7524 504
3 7560 504
3 7596 504
3 7632 504
3 7668 504
3 7704 504
3 7740 504
3 7776 504
3 7812 504
3 7848 504
3 7884 504
3 7920 504
3 7956 504
3 7992 504
3 8028 504
3 8064 504
3 8100 504
3 8136 504
3 8172 504
3 8208 504
3 8244 504
3 8280 504
3 8316 504
3 8352 504
3 8388 504
3 8424 504
3 8460 504
3 8496 504
3 8532 504
3 8568 504
3 8604 504
3 8640 504
3 8676 504
3 8712 504
3 8748 504
3 8784 504
3 8820 504
3 8856 504
3 8892 504
3 8928 504
3 8964 504
3 9000 504
3 9036 504
3 9072 504
3 9108 504
3 9144 504
3 9180 504
3 9216 504
3 9252 504
3 9288 504
3 9324 504
3 9360 504
3 9396 504
3 9432 504
3 9468 504
3 9504 504
3 9540 504
3 9576 504
3 9612 504
3 9648 504
3 9684 504
3 9720 504
3 9756 504
3 9792 504
3 9828 504
3 9864 504
3 9900 504
3 9936 504
3 9972 504
3 10008 504
3 0 540
3 36 540
3 72 540
3 108 540
3 144 540
3 180 540
3 216 540
3 252 540
3 288 540
3 324 540
3 360 540
3 396 540
3 432 540
3 468 540
3 504 540
3 540 540
3 576 540
3 612 540
3 648 540
3 684 540
3 720 540
3 756 540
3 792 540
3 828 540
3 864 540
3 900 540
3 936 540
3 972 540
3 1008 540
3 1044 540
3 1080 540
3 1116 540
3 1152 540
3 1188 540
3 1224 540
3 1260 540
3 1296 540
3 1332 540
3 1368 540
3 1404 540
3 1440 540
3 1476 540
3 1512 540
3 1548 540
3 1584 540
3 1620 540
3 1656 540
3 1692 540
3 1728 540
3 1764 540
3 1800 540
3 1836 540
3 1872 540
3 1908 540
3 1944 540
3 1980 540
3 2016 540
3 2052 540
3 2088 540
3 2196 540
3 2232 540
3 2268 540
3 2304 540
3 2340 540
3 2376 540
3 2412 540
3 2448 540
3 2484 540
3 2520 540
3 2556 540
3 2592 540
3 2628 540
3 2664 540
3 2700 540
3 2736 540
3 2880 540
3 2916 540
3 2952 540
3 2988 540
3 3024 540
3 3060 540
3 3096 540
3 3132 540
3 3168 540
3 3204 540
3 3240 540
3 3276 540
3 3312 540
3 3348 540
3 3384 540
3 3420 540
3 3456 540
3 3492 540
3 3528 540
3 3564 540
3 3600 540
3 3636 540
3 3672 540
3 3708 540
3 3744 540
3 3780 540
3 3816 540
3 3852 540
3 3888 540
3 3924 540
3 3960 540
3 3996 540
3 4032 540
3 4068 540
3 4104 540
3 4140 540
3 4176 540
3 4212 540
3 4248 540
3 4284 540
3 4320 540
3 4356 540
3 4392 540
3 4428 540
3 4464 540
3 4500 540
3 4536 540
3 4572 540
3 4608 540
3 4644 540
3 4680 540
3 4716 540
3 4752 540
3 4788 540
3 4824 540
3 4860 540
3 4896 540
3 4932 540
3 4968 540
3 5004 540
3 5040 540
3 5076 540
3 5184 540
3 5220 540
3 5256 540
3 5292 540
3 5328 540
3 5364 540
3 5400 540
3 5436 540
3 5472 540
3 5508 540
3 5544 540
3 5580 540
3 5616 540
3 5652 540
3 5688 540
3 5724 540
3 5760 540
3 5796 540
3 5832 540
3 5868 540
3 5904 540
3 5940 540
3 5976 540
3 6012 540
3 6048 540
3 6084 540
3 6120 540
3 6156 540
3 6192 540
3 6228 540
3 6264 540
3 6300 540
3 6336 540
3 6372 540
3 6408 540
3 6444 540
3 6480 540
3 6516 540
3 6552 540
3 6588 540
3 6624 540
3 6660 540
3 6696 540
3 6732 540
3 6768 540
3 6804 540
3 6840 540
3 6876 540
3 6912 540
3 6948 540
3 6984 540
3 7020 540
3 7056 540
3 7092 540
3 7128 540
3 7164 540
3 7200 540
3 7236 540
3 7272 540
3 7308 540
3 7344 540
3 7380 540
3 7416 540
3 7452 540
3 7488 540
3 7524 540
3 7560 540
3 7596 540
3 7632 540
3 7668 540
3 7704 540
3 7740 540
3 7776 540
3 7812 540
3 7848 540
3 7884 540
3 7920 540
3 7956 540
3 7992 540
3 8028 540
3 8064 540
3 8100 540
3 8136 540
3 8172 540
3 8208 540
3 8244 540
3 8280 540
3 8316 540
3 8352 540
3 8388 540
3 8424 540
3 8460 540
3 8496 540
3 8532 540
3 8568 540
3 8604 540
3 8640 540
3 8676 540
3 8712 540
3 8748 540
3 8784 540
3 8820 540
3 8856 540
3 8892 540
3 8928 540
3 8964 540
3 9000 540
3 9036 540
3 9072 540
3 9108 540
3 9144 540
3 9180 540
3 9216 540
3 9252 540
3 9288 540
3 9324 540
3 9360 540
3 9396 540
3 9432 540
3 9468 540
3 9504 540
3 9540 540
3 9576 540
3 9612 540
3 9648 540
3 9684 540
3 9720 540
3 9756 540
3 9792 540
3 9828 540
3 9864 540
3 9900 540
3 9936 540
3 9972 540
3 10008 540
2 2412 396
4 2448 396 14
2 2484 396
2 2520 288
2 2556 288
2 2592 288
2 2628 288
2 2664 288
2 2700 288
2 2736 288
2 2772 288
2 2808 288
2 2952 288
2 2988 288
2 3024 288
4 3060 288 13
2 3060 396
2 3276 396
2 3312 396
4 3492 396 13
4 3600 396 13
4 3600 288 13
4 3708 396 13
2 3924 396
2 4032 288
2 4068 288
2 4104 288
2 4284 288
4 4320 288 13
4 4356 288 13
2 4392 288
2 4320 396
2 4356 396
2 4500 468
2 4536 468
2 4572 468
2 4536 432
2 4572 432
2 4572 396
2 4680 468
2 4716 468
2 4752 468
2 4680 432
2 4716 432
2 4680 396
2 4932 468
2 4968 468
2 5004 468
2 5040 468
2 5076 468
2 4968 432
2 5004 432
2 5040 432
2 5076 432
2 5004 396
2 5040 396
2 5076 396
2 5040 360
2 5076 360
2 5184 468
2 5220 468
2 5256 468
2 5292 468
2 5184 432
2 5220 432
2 5256 432
2 5184 396
2 5220 396
2 5184 360
5 5472 468
3 5472 504
3 5508 504
2 5652 396
2 5688 396
4 5724 396 13
2 5760 396
5 6048 468
2 6120 468
2 6156 468
2 6192 468
2 6228 468
2 6264 468
2 6300 468
2 6336 468
2 6372 468
2 6408 468
2 6156 432
2 6192 432
2 6228 432
2 6264 432
2 6300 432
2 6336 432
2 6372 432
2 6408 432
2 6192 396
2 6228 396
2 6264 396
2 6300 396
2 6336 396
2 6372 396
2 6408 396
2 6228 360
2 6264 360
2 6300 360
2 6336 360
2 6372 360
2 6408 360
2 6264 324
2 6300 324
2 6336 324
2 6372 324
2 6408 324
2 6300 288
2 6336 288
2 6372 288
2 6408 288
2 6336 252
2 6372 252
2 6408 252
2 6372 216
2 6408 216
6 6788 216