1 100 400
8 4132 252
8 4207 252
8 3464 468
8 3424 468
8 3384 468
8 3349 468
8 3314 468
9 3054 468
8 2735 288
8 2800 288
9 2372 468
9 2293 468
9 2214 468
9 2135 468
9 2056 468
9 1877 468
9 1977 468
8 1283 432
9 1043 288
9 1060 432
8 875 432
8 706 432
2 3661 240
2 3440 240
2 3250 240
2 3060 240
8 535 468
4 2195 144 16
4 1187 205 13
3 2880 288
3 4068 288
3 4104 288
3 4140 288
3 4176 288
3 4212 288
3 4248 288
3 4284 288
3 1800 324
3 1908 324
3 2016 324
3 2124 324
3 2556 324
3 2592 324
3 2628 324
3 2664 324
3 2700 324
3 2736 324
3 2772 324
3 2808 324
3 2844 324
3 2880 324
3 4032 324
3 4068 324
3 4104 324
3 4140 324
3 4176 324
3 4212 324
3 4248 324
3 4284 324
2 324 360
2 360 360
2 396 360
2 432 360
4 468 360 17
3 792 360
3 936 360
3 972 360
3 1008 360
3 1044 360
3 1080 360
3 1116 360
3 1584 360
3 1620 360
3 1656 360
3 2520 360
3 2556 360
3 2592 360
3 2628 360
3 2664 360
3 2700 360
3 2736 360
3 2772 360
3 2808 360
3 2844 360
3 2880 360
3 3996 360
3 4032 360
3 4068 360
3 4104 360
3 4140 360
3 4176 360
3 4212 360
3 4248 360
3 4284 360
3 612 396
3 792 396
3 1548 396
3 1584 396
3 1620 396
3 1656 396
3 2484 396
3 2520 396
3 2556 396
3 2592 396
3 2628 396
3 2664 396
3 2700 396
3 2736 396
3 2772 396
3 2808 396
3 2844 396
3 2880 396
3 3960 396
3 3996 396
3 4032 396
3 4068 396
3 4104 396
3 4140 396
3 4176 396
3 4212 396
3 4248 396
3 4284 396
3 612 432
3 792 432
3 1512 432
3 1548 432
3 1584 432
3 1620 432
3 1656 432
3 2448 432
3 2484 432
3 2520 432
3 2556 432
3 2592 432
3 2628 432
3 2664 432
3 2700 432
3 2736 432
3 2772 432
3 2808 432
3 2844 432
3 2880 432
3 3924 432
3 3960 432
3 3996 432
3 4032 432
3 4068 432
3 4104 432
3 4140 432
3 4176 432
3 4212 432
3 4248 432
3 4284 432
3 612 468
3 792 468
3 1476 468
3 1512 468
3 1548 468
3 1584 468
3 1620 468
3 1656 468
3 2412 468
3 2448 468
3 2484 468
3 2520 468
3 2556 468
3 2592 468
3 2628 468
3 2664 468
3 2700 468
3 2736 468
3 2772 468
3 2808 468
3 2844 468
3 2880 468
3 3888 468
3 3924 468
3 3960 468
3 3996 468
3 4032 468
3 4068 468
3 4104 468
3 4140 468
3 4176 468
3 4212 468
3 4248 468
3 4284 468
3 0 504
3 36 504
3 72 504
3 108 504
3 144 504
3 180 504
3 216 504
3 252 504
3 288 504
3 324 504
3 360 504
3 396 504
3 432 504
3 468 504
3 504 504
3 540 504
3 576 504
3 612 504
3 648 504
3 684 504
3 720 504
3 756 504
3 792 504
3 828 504
3 864 504
3 900 504
3 936 504
3 972 504
3 1008 504
3 1044 504
3 1080 504
3 1116 504
3 1152 504
3 1188 504
3 1224 504
3 1260 504
3 1296 504
3 1332 504
3 1368 504
3 1404 504
3 1440 504
3 1476 504
3 1512 504
3 1548 504
3 1584 504
3 1620 504
3 1656 504
3 1692 504
3 1728 504
3 1764 504
3 1800 504
3 1836 504
3 1872 504
3 1908 504
3 1944 504
3 1980 504
3 2016 504
3 2052 504
3 2088 504
3 2124 504
3 2160 504
3 2196 504
3 2232 504
3 2268 504
3 2304 504
3 2340 504
3 2376 504
3 2412 504
3 2448 504
3 2484 504
3 2520 504
3 2556 504
3 2592 504
3 2628 504
3 2664 504
3 2700 504
3 2736 504
3 2772 504
3 2808 504
3 2844 504
3 2880 504
3 2916 504
3 2952 504
3 2988 504
3 3024 504
3 3060 504
3 3096 504
3 3132 504
3 3312 504
3 3348 504
3 3384 504
3 3420 504
3 3456 504
3 3492 504
3 3672 504
3 3708 504
3 3744 504
3 3780 504
3 3816 504
3 3852 504
3 3888 504
3 3924 504
3 3960 504
3 3996 504
3 4032 504
3 4068 504
3 4104 504
3 4140 504
3 4176 504
3 4212 504
3 4248 504
3 4284 504
3 4320 504
3 4356 504
3 4392 504
3 4428 504
3 4464 504
3 4500 504
3 4536 504
3 4572 504
3 4608 504
3 4644 504
3 4680 504
3 4716 504
3 4752 504
3 4788 504
3 0 540
3 36 540
3 72 540
3 108 540
3 144 540
3 180 540
3 216 540
3 252 540
3 288 540
3 324 540
3 360 540
3 396 540
3 432 540
3 468 540
3 504 540
3 540 540
3 576 540
3 612 540
3 648 540
3 684 540
3 720 540
3 756 540
3 792 540
3 828 540
3 864 540
3 900 540
3 936 540
3 972 540
3 1008 540
3 1044 540
3 1080 540
3 1116 540
3 1152 540
3 1188 540
3 1224 540
3 1260 540
3 1296 540
3 1332 540
3 1368 540
3 1404 540
3 1440 540
3 1476 540
3 1512 540
3 1548 540
3 1584 540
3 1620 540
3 1656 540
3 1692 540
3 1728 540
3 1764 540
3 1800 540
3 1836 540
3 1872 540
3 1908 540
3 1944 540
3 1980 540
3 2016 540
3 2052 540
3 2088 540
3 2124 540
3 2160 540
3 2196 540
3 2232 540
3 2268 540
3 2304 540
3 2340 540
3 2376 540
3 2412 540
3 2448 540
3 2484 540
3 2520 540
3 2556 540
3 2592 540
3 2628 540
3 2664 540
3 2700 540
3 2736 540
3 2772 540
3 2808 540
3 2844 540
3 2880 540
3 2916 540
3 2952 540
3 2988 540
3 3024 540
3 3060 540
3 3096 540
3 3132 540
3 3312 540
3 3348 540
3 3384 540
3 3420 540
3 3456 540
3 3492 540
3 3672 540
3 3708 540
3 3744 540
3 3780 540
3 3816 540
3 3852 540
3 3888 540
3 3924 540
3 3960 540
3 3996 540
3 4032 540
3 4068 540
3 4104 540
3 4140 540
3 4176 540
3 4212 540
3 4248 540
3 4284 540
3 4320 540
3 4356 540
3 4392 540
3 4428 540
3 4464 540
3 4500 540
3 4536 540
3 4572 540
3 4608 540
3 4644 540
3 4680 540
3 4716 540
3 4752 540
3 4788 540
6 4788 216
